id	x	y	tag
42112714	154	263	0
42112715	149	281	0
42112716	133	270	0
42112717	133	290	0
42112718	148	303	0
42112719	163	292	0
42112720	169	278	0
42112721	173	257	0
42112722	178	243	0
42112723	162	244	0
42112724	149	234	0
42112725	164	225	0
42112726	185	218	0
42112727	195	236	0
42112728	193	255	0
42112729	189	273	0
42112730	180	289	0
42112731	164	310	0
42112732	156	319	0
42112733	127	311	0
42112734	117	294	0
42112735	115	276	0
42112736	122	259	0
42112737	129	238	0
42112738	133	218	0
42112739	148	212	0
42112740	168	206	0
42112741	171	189	0
42112742	154	200	0
42112743	138	200	0
42112744	119	202	0
42112745	115	225	0
42112746	113	240	0
42112747	100	237	0
42112748	103	252	0
42112749	96	269	0
42112750	98	291	0
42112751	108	314	0
42112752	111	327	0
42112753	132	329	0
42112754	141	252	0
42112755	184	194	0
42112756	202	195	0
42113719	147	332	0
42113721	165	337	0
42113722	175	320	0
42113724	186	307	0
42113726	193	320	0
42113727	183	339	0
42113729	173	354	0
42113731	155	352	0
42113733	135	353	0
42113735	92	329	0
42113737	121	346	0
42113738	106	352	0
42113744	92	310	0
42113746	78	299	0
42113747	79	277	0
42113750	75	263	0
42113751	88	252	0
42113752	78	239	0
42113753	89	223	0
42113754	81	205	0
42113756	69	220	0
42113757	57	240	0
42113758	46	234	0
42113759	53	220	0
42113760	61	201	0
42113761	78	187	0
42113765	96	195	0
42113766	93	176	0
42113769	109	184	0
42115726	131	186	0
42115727	150	185	0
42115728	142	166	0
42115729	167	169	0
42115730	125	169	0
42115731	125	154	0
42115732	100	158	0
42115733	77	168	0
42115734	80	156	0
42115735	88	139	0
42115736	95	125	0
42115737	115	137	0
42115738	109	118	0
42115739	132	119	0
42115740	135	143	0
42115741	150	135	0
42115742	166	132	0
42115743	159	147	0
42115744	176	143	0
42115745	188	177	0
42115746	203	273	0
42115747	209	211	0
42115748	202	292	0
42115749	205	308	0
42115750	208	328	0
42115751	200	344	0
42115752	191	359	0
42115753	178	373	0
42115754	158	367	0
42115755	166	386	0
42115756	147	381	0
42115757	140	366	0
42115758	120	362	0
42115759	129	378	0
42115760	114	377	0
42115761	107	394	0
42115762	121	395	0
42115763	138	394	0
42115764	134	411	0
42115765	117	407	0
42115766	101	406	0
42115767	97	385	0
42115768	96	367	0
42115769	152	117	0
42115770	145	95	0
42115771	168	109	0
42115772	171	95	0
42115773	185	103	0
42115774	194	140	0
42115775	75	132	0
42115776	63	145	0
42115777	59	161	0
42115778	58	176	0
42115779	42	172	0
42115780	44	189	0
42115781	44	205	0
42115782	33	215	0
42115783	29	240	0
42115784	57	268	0
42115785	66	286	0
42115786	62	304	0
42115787	51	283	0
42115788	39	267	0
42115789	45	253	0
42115790	28	257	0
42115791	22	272	0
42115792	33	282	0
42115793	43	301	0
42115794	45	312	0
42115795	62	325	0
42115796	74	339	0
42115797	85	351	0
42115798	67	356	0
42115799	55	344	0
42115800	45	358	0
42115801	60	370	0
42115802	67	390	0
42115803	79	369	0
42115804	82	391	0
42115805	121	103	0
42115806	99	108	0
42115807	80	113	0
42115808	60	119	0
42115809	50	133	0
42115810	44	152	0
42115811	29	142	0
42115812	24	161	0
42115813	24	176	0
42115814	152	397	0
42115815	156	417	0
42115816	159	435	0
42115817	140	428	0
42115818	117	427	0
42115819	100	421	0
42115820	104	441	0
42115821	82	421	0
42115822	89	437	0
42115823	71	437	0
42115824	65	420	0
42115825	69	406	0
42115826	84	404	0
42115827	200	378	0
42115828	188	391	0
42115829	173	405	0
42115830	173	418	0
42115831	172	436	0
42115832	194	408	0
42115833	195	426	0
42115834	65	251	0
42115835	101	213	0
42115836	215	194	0
42115837	182	121	0
42115838	186	130	0
42115839	203	99	0
42115840	202	122	0
42115841	40	375	0
42115842	27	369	0
42115843	29	356	0
42115844	38	344	0
42115845	45	328	0
42115846	28	325	0
42115847	29	305	0
42115848	53	391	0
42115849	52	407	0
42115850	220	284	0
42115851	212	258	0
42115852	212	242	0
42115853	222	228	0
42115854	227	209	0
42115855	205	179	0
42115856	221	164	0
42115857	218	296	0
42115858	224	310	0
42115859	218	327	0
42115860	216	343	0
42115861	208	358	0
42115862	216	378	0
42115863	225	389	0
42115864	206	392	0
42115865	215	406	0
42115866	211	421	0
42115867	165	80	0
42115868	149	75	0
42115869	128	80	0
42115870	121	89	0
42115871	103	91	0
42115872	107	77	0
42115873	116	66	0
42115874	126	47	0
42115875	131	60	0
42115876	141	43	0
42115877	156	40	0
42115878	152	57	0
42115879	171	57	0
42115880	189	51	0
42115881	186	35	0
42115882	148	32	0
42115883	127	32	0
42115884	113	43	0
42115885	99	58	0
42115886	91	76	0
42115887	82	96	0
42115888	68	104	0
42115889	63	92	0
42115890	53	102	0
42115891	57	80	0
42115892	70	77	0
42115893	79	64	0
42115894	85	44	0
42115895	87	25	0
42115896	70	32	0
42115897	92	14	0
42115898	107	20	0
42115899	199	14	0
42115900	121	14	0
42115901	226	100	0
42115902	29	128	0
42115903	45	122	0
42115904	35	110	0
42115905	39	96	0
42115906	25	90	0
42115907	16	102	0
42115912	53	438	0
42115913	45	424	0
42115914	39	407	0
42115915	38	390	0
42115916	19	385	0
42115917	20	397	0
42115918	32	416	0
42115919	35	434	0
42115920	13	417	0
42115921	23	429	0
42115922	193	87	0
42115923	180	79	0
42115924	194	68	0
42115925	216	68	0
42115926	219	47	0
42115927	205	49	0
42115928	209	31	0
42115929	168	37	0
42115930	174	20	0
42115931	158	16	0
42115932	140	13	0
42115933	203	161	0
42115934	187	157	0
42115935	13	363	0
42115936	18	336	0
42115937	20	211	0
42115938	16	225	0
42115939	14	243	0
42115940	13	261	0
42115941	27	197	0
42115942	16	195	0
42115943	17	128	0
42115944	12	142	0
42115945	40	78	0
42115946	32	63	0
42115947	20	75	0
42115948	55	63	0
42115949	65	48	0
42115950	52	37	0
42115951	53	21	0
42115952	36	24	0
42115953	34	43	0
42115954	214	440	0
42115955	66	15	0
42115956	99	35	0
42115957	19	287	0
42115958	218	83	0
42115959	76	320	0
42120240	129	445	0
42120241	115	462	0
42120242	96	456	0
42120243	76	456	0
42120244	146	449	0
42120245	133	-83	0
42120246	187	458	0
42120247	154	467	0
42120248	59	455	0
42120249	41	459	0
42120250	24	444	0
42120251	135	462	0
42120252	174	470	0
42120253	164	454	0
42120254	86	470	0
42120255	65	469	0
42120256	29	469	0
42120257	50	473	0
42120258	218	117	0
