id	x	y	tag
42108744	109	186	0
42108745	116	170	0
42108746	126	183	0
42108747	136	164	0
42108748	141	181	0
42108749	143	197	0
42108750	128	201	0
42108751	112	203	0
42108752	100	197	0
42108753	93	182	0
42108754	100	167	0
42108755	95	149	0
42108756	107	145	0
42108757	125	146	0
42108758	114	133	0
42108759	130	123	0
42108760	112	117	0
42108761	129	101	0
42108762	143	109	0
42108763	150	130	0
42108764	157	151	0
42108765	158	167	0
42108766	159	189	0
42108767	172	180	0
42108768	178	160	0
42108769	179	142	0
42108770	166	134	0
42108771	181	123	0
42108772	165	119	0
42108773	179	105	0
42108774	162	101	0
42108775	179	86	0
42108776	161	81	0
42108777	146	89	0
42108778	139	72	0
42108779	126	76	0
42108780	130	59	0
42108781	112	69	0
42108782	112	87	0
42108783	109	98	0
42108784	95	94	0
42108785	99	113	0
42108786	96	132	0
42108787	86	118	0
42108788	81	138	0
42108789	80	153	0
42108790	79	172	0
42108791	74	192	0
42108792	86	204	0
42108793	99	214	0
42108794	121	222	0
42108795	135	233	0
42108796	139	214	0
42108797	156	208	0
42108798	159	225	0
42108799	171	204	0
42108800	176	225	0
42108801	193	220	0
42108802	196	191	0
42108803	196	173	0
42108804	195	154	0
42108805	218	174	0
42108806	211	146	0
42108807	198	134	0
42108808	211	130	0
42108809	203	114	0
42108810	193	105	0
42108811	214	97	0
42108812	205	84	0
42108813	194	75	0
42108814	181	67	0
42108815	160	59	0
42108816	174	53	0
42108817	142	50	0
42108818	126	41	0
42108819	110	51	0
42108820	102	56	0
42108821	93	76	0
42108822	82	84	0
42108823	80	105	0
42108824	70	110	0
42108825	67	128	0
42108826	65	141	0
42108827	64	156	0
42108828	63	185	0
42108829	51	173	0
42108830	45	149	0
42108831	55	201	0
42108832	43	185	0
42108833	70	215	0
42108834	87	227	0
42108835	70	237	0
42108836	54	224	0
42108837	42	213	0
42108838	34	201	0
42108839	31	222	0
42108840	42	237	0
42108841	60	254	0
42108842	42	260	0
42108843	50	268	0
42108844	62	280	0
42108845	72	258	0
42108846	79	269	0
42108847	84	251	0
42108848	95	268	0
42108849	96	287	0
42108850	79	287	0
42108851	94	312	0
42108852	60	297	0
42108853	54	308	0
42108854	44	287	0
42108855	28	275	0
42108856	23	288	0
42108857	29	299	0
42108858	39	318	0
42108859	43	338	0
42108860	57	328	0
42108861	71	334	0
42108862	71	311	0
42108863	116	306	0
42108864	118	288	0
42108865	112	274	0
42108866	105	249	0
42108867	122	258	0
42108868	118	243	0
42108869	138	265	0
42108870	138	251	0
42108871	148	241	0
42108872	155	257	0
42108873	169	246	0
42108874	175	262	0
42108875	165	276	0
42108876	145	279	0
42108877	164	296	0
42108878	133	289	0
42108879	127	274	0
42108880	135	305	0
42108881	150	295	0
42108882	110	322	0
42108883	92	325	0
42108884	99	345	0
42108885	80	351	0
42108886	68	365	0
42108887	58	350	0
42108888	53	363	0
42108889	68	380	0
42108890	83	373	0
42108891	92	392	0
42108892	103	365	0
42108893	104	383	0
42108894	117	377	0
42108895	120	361	0
42108896	116	339	0
42108897	129	325	0
42108898	134	345	0
42108899	145	335	0
42108900	149	317	0
42108901	165	329	0
42108902	167	314	0
42108903	184	306	0
42108904	183	289	0
42108905	187	269	0
42108906	188	242	0
42108907	204	261	0
42108908	202	285	0
42108909	202	305	0
42108910	201	321	0
42108911	183	324	0
42108912	190	336	0
42108913	177	351	0
42108914	160	347	0
42108915	159	362	0
42108916	145	354	0
42108917	146	367	0
42108918	134	361	0
42108919	133	374	0
42108920	138	381	0
42108921	120	390	0
42108922	105	401	0
42108923	119	406	0
42108924	112	418	0
42108925	93	412	0
42108926	98	426	0
42108927	79	425	0
42108928	72	409	0
42108929	59	400	0
42108930	42	390	0
42108931	38	404	0
42108932	142	410	0
42108933	150	394	0
42108934	127	423	0
42108935	115	433	0
42108936	133	439	0
42108937	149	432	0
42108938	162	420	0
42108939	170	390	0
42108940	161	377	0
42108941	173	365	0
42108942	182	380	0
42108943	192	364	0
42108944	199	383	0
42108945	184	396	0
42108946	203	399	0
42108947	194	411	0
42108948	180	417	0
42108949	184	429	0
42108950	212	380	0
42108951	212	363	0
42108952	205	342	0
42108953	222	331	0
42108954	220	311	0
42108955	221	295	0
42108956	216	281	0
42108957	225	262	0
42108958	214	246	0
42108959	210	224	0
42108960	208	209	0
42108961	212	191	0
42108962	226	209	0
42108963	230	186	0
42108964	245	200	0
42108965	237	170	0
42108966	223	160	0
42108967	203	164	0
42108968	229	142	0
42108969	230	128	0
42108970	224	118	0
42108971	233	103	0
42108972	223	85	0
42108973	211	69	0
42108974	193	50	0
42108975	179	33	0
42108976	160	17	0
42108977	158	36	0
42108978	146	19	0
42108979	145	35	0
42108980	134	26	0
42108981	131	16	0
42108982	121	23	0
42108983	113	36	0
42108984	101	39	0
42108985	107	25	0
42108986	86	52	0
42108987	79	40	0
42108988	70	47	0
42108989	77	63	0
42108990	64	72	0
42108991	56	112	0
42108992	48	132	0
42108993	34	134	0
42108994	41	116	0
42108995	36	104	0
42108996	35	81	0
42108997	39	62	0
42108998	60	40	0
42108999	66	22	0
42109000	87	24	0
42109001	86	7	0
42109002	33	165	0
42109003	27	184	0
42109004	26	255	0
42109005	40	358	0
42109006	32	345	0
42109007	25	329	0
42109008	18	357	0
42109009	18	381	0
42109010	42	423	0
42109011	221	392	0
42109012	218	413	0
42109013	210	426	0
42109014	236	247	0
42109015	232	229	0
42109016	242	218	0
42109017	207	39	0
42109018	216	46	0
42109019	200	26	0
42109020	183	12	0
42109021	233	48	0
42109022	224	64	0
42109023	248	58	0
42109024	245	79	0
42109025	46	33	0
42109026	35	42	0
42109027	16	39	0
42109028	26	19	0
42109029	49	8	0
42109030	234	192	0
42109031	24	238	0
42109032	25	406	0
42109033	24	423	0
42109034	246	367	0
42109035	232	354	0
42109036	238	391	0
42109037	227	375	0
